+11.01999
+10.90311
+10.90311
+10.90311
+10.90311
+10.90311
+10.90311
+10.90311
+10.90311
+10.90311
+10.90311
+10.90311
+10.90311
+10.90311
+10.90311
+10.90311
+10.90311
+10.90311
+10.90311
+10.90311
+10.90311
+10.90311
+10.90311
+10.90311
+10.90311
+10.90311
+10.90311
+11.02099
+11.02099
+10.90311
+10.90311
+11.01999
+11.01999
+10.90311
+11.03999
+11.03999
+10.90311
+11.01999
+11.01799
+10.90311
+10.90311
+10.90311
+11.01799
+10.90311
+10.90311
+10.90311
+10.90311
+10.90311
+10.90311
+10.90311
+10.90311
+10.90311
+10.90311
+10.90311
+10.90311
+10.90311
+10.90311
+10.90311
+10.90311
+10.90311
+10.90311
+10.90311
+10.90311
+10.90311
+10.90311
+10.90311
+10.90311
+10.90311
+10.90311
+10.90311
+10.90311
+10.90311
+10.90311
+10.90311
+10.90311
+10.90311
+10.90311
+10.90311
+10.90311
+10.90311
+10.90311
+10.90311
+10.90311
+10.90311
+10.90311
+10.90311
+10.90311
+10.90311
+10.90311
+10.90311
+10.90311
+10.90311
+10.90311
+10.90311
+10.90311
+10.90311
+10.90311
+10.90311
+10.90311
+10.90311
+10.90311
+10.90311
+10.90311
+10.90311
+10.90311
+10.90311
+10.90311
+10.90311
+10.90311
+10.90311
+10.90311
+10.90311
+10.90311
+10.90311
+10.90311
+10.90311
+10.90311
+10.90311
+10.90311
+10.90311
+10.90311
+10.90311
+10.90311
+10.90311
+10.90311
+10.90311
+10.90311
+10.90311
+10.90311
+10.90311
+10.90311
+10.90311
+10.90311
+10.90311
+10.90311
+10.90311
+10.90311
+10.90311
+10.90311
+10.90311
+10.90311
+10.90311
+10.90311
+10.90311
+10.90311
+10.90311
+10.90311
+10.90311
+10.90311
+10.90311
+10.90311
+10.90311
+10.90311
+10.90311
+10.90311
+10.90311
+10.90311
+10.90311
+10.90311
+10.90311
+10.90311
+10.90311
+10.90311
+10.90311
+10.90311
+10.90311
+10.90311
+10.90311
+10.90311
+10.90311
+10.90311
+10.90311
+10.90311
+10.90311
+10.90311
+10.90311
+10.90311
+10.90311
+10.90311
+10.90311
+10.90311
+10.90311
+10.90311
+10.90311
+10.90311
+10.90311
+10.90311
+10.90311
+10.90311
+10.90311
+10.90311
+10.90311
+10.90311
+10.90311
+10.90311
+10.90311
+10.90311
+10.90311
+10.90311
+10.90311
+10.90311
+10.90311
+10.90311
+10.90311
+10.90311
+10.90311
+10.90311
+10.90311
+10.90311
+10.90311
+10.90311
+10.90311
+10.90311
+10.90311
+10.90311
+10.90311
+10.90311
+10.90311
+10.90311
+10.90311
+10.90311
+10.90311
+10.90311
+10.90311
+10.90311
+10.90311
+10.90311
+10.90311
+10.90311
+10.90311
+10.90311
+10.90311
+10.90311
+10.90311
+10.90311
+10.90311
+10.90311
+10.90311
+10.90311
+10.90311
+10.90311
+10.90311
+10.90311
+10.90311
+10.90311
+10.90311
+10.90311
+10.90311
+10.90311
+10.90311
+10.90311
+10.90311
+10.90311
+10.90311
+10.90311
+10.90311
+10.90311
+10.90311
+10.90311
+10.90311
+10.90311
+10.90311
+10.90311
+10.90311
+10.90311
+10.90311
+10.90311
+10.90311
+10.90311
+10.90311
+10.90311
+10.90311
+10.90311
+10.90311
+10.90311
+10.90311
+10.90311
+10.90311
+10.90311
+10.90311
+10.90311
+10.90311
+10.90311
+10.90311
+10.90311
+10.90311
+10.90311
+10.90311
+10.90311
+10.90311
+10.90311
+10.90311
+10.90311
+10.90311
+10.90311
+10.90311
+10.90311
+10.90311
+10.90311
+10.90311
+10.90311
+10.90311
+10.90311
+10.90311
+10.90311
+10.90311
+10.90311
+10.90311
+10.90311
+10.90311
+10.90311
+10.90311
+10.90311
+10.90311
+10.90311
+10.90311
+10.90311
+10.90311
+10.90311
+10.90311
+10.90311
+10.90311
+10.90311
+10.90311
+10.90311
+10.90311
+10.90311
+10.90311
+10.90311
+10.90311
+10.90311
+10.90311
+10.90311
+10.90311
+10.90311
+10.90311
+10.90311
+10.90311
+10.90311
+10.90311
+10.90311
+10.90311
+10.90311
+10.90311
+10.90311
+10.90311
+10.90311
+10.90311
+10.90311
+10.90311
+10.90311
+10.90311
+10.90311
+10.90311
+10.90311
+10.90311
+10.90311
+10.90311
+10.90311
+10.90311
+10.90311
+10.90311
+10.90311
+10.90311
+10.90311
+10.90311
+10.90311
+10.90311
+10.90311
+10.90311
+10.90311
+10.90311
+10.90311
+10.90311
+10.90311
+10.90311
+10.90311
+10.90311
+10.90311
+10.90311
+10.90311
+10.90311
+10.90311
+10.90311
+10.90311
+10.90311
+10.90311
+10.90311
+10.90311
+10.90311
+10.90311
+10.90311
+10.90311
+10.90311
+10.90311
+10.90311
+10.90311
+10.90311
+10.90311
+10.90311
+10.90311
+11.01976
+11.01976
+11.01971
+11.01993
+11.01991
+11.01987
+11.01981
+11.01981
+ 11.0195
+11.01943
+11.01943
+11.01957
+ 11.0195
+11.01914
+11.01953
+11.01983
+11.01983
+11.01983
+11.01983
+11.01983
+11.01983
+11.01983
+11.01983
+11.01983
+11.01983
+11.01983
+11.01983
+11.01983
+11.01983
+11.01983
+11.01983
+11.01983
+11.01983
+11.01983
+11.01983
+11.01983
+11.01983
+11.01983
+11.01983
+11.01983
+11.01983
+11.01983
+11.01983
+11.01983
+11.01983
+11.01983
+11.01983
+11.01983
+11.01983
+11.01983
+11.01983
+11.01983
+11.01983
+11.01983
+11.01983
+11.01983
+11.01983
+11.01983
+11.01983
+11.01983
+11.01983
+11.01983
+11.01983
+11.01983
+11.01983
+11.01983
+11.01983
+11.01983
+11.01983
+11.02014
+11.01799
+11.01799
+11.01799
+11.01899
+11.01899
+11.01999
+11.01899
+11.01899
+11.01899
+11.01799
+10.85758
+11.85758
+11.24035
+ 6.25304
+ 4.71098
+10.92645
+10.92645
+10.92645
+10.92645
+10.92645
+10.92645
+10.92645
+10.92645
+10.92645
+10.92645
+10.92645
+10.92645
+10.92645
+10.92645
+10.92645
+10.92645
+10.92645
+10.92645
+10.92645
+10.92645
+10.92645
+10.92645
+10.92645
+10.92645
+10.92645
+10.92645
+10.92645
+10.92645
+10.92645
+10.92645
+10.92645
+10.92645
+10.92645
+10.92645
+10.92645
+10.92645
+10.92645
+10.92645
+10.92645
+10.92645
+10.92645
+10.92645
+10.92645
+10.92645
+10.92645
+10.92645
+10.92645
+10.92645
+10.92645
+10.92645
+10.92645
+10.92645
+10.92645
+10.92645
+10.92645
+10.92645
+10.92645
+10.92642
+10.92642
+10.92634
+10.92617
+10.92589
+10.92562
+10.92532
+10.92512
+ 10.9248
+10.92464
+10.92444
+10.92422
+10.92384
+10.92361
+ 10.9234
+10.92309
+10.92282
+ 10.9227
+ 10.9227
+ 10.9227
+10.92317
+10.92442
+10.92585
+10.92734
+10.92894
+10.93115
+10.93415
+10.93626
+ 10.9364
+ 10.9391
+10.94244
+10.94387
+10.94427
+10.94633
+10.94762
+10.95076
+10.95396
+10.95595
+10.95645
+10.95823
+, 10.959
+10.96145
+10.96368
+ 10.9665
+10.96624
+10.96549
+10.96505
+10.96503
+10.96503
+10.96737
+10.96826
+10.96833
+10.96916
+10.97098
+10.97209
+10.97313
+10.97478
+10.97535
+10.97613
+10.97613
+10.97613
+10.97613
+10.98055
+10.98147
+10.98342
+10.98704
+10.99062
+ 10.9937
+10.99721
+11.00031
+11.00031
+11.00031
+11.00031
+11.00696
+, 11.009
+11.01011
+11.01154
+11.01421
+11.01699
+11.01779
+11.01634
+11.01566
+11.01454
+11.01454
+11.01454
+11.01454
+11.01454
+11.01488
+ 11.0162
+11.01666
+ 11.0166
+11.01663
+ 11.0165
+11.01716
+11.01722
+11.01733
+11.01748
+11.01748
+11.01748
+11.01748
+11.01748
+11.01748
+11.01748
+11.01748
+11.01748
+11.01748
+11.01748
+11.01748
+11.01748
+11.01748
+11.01748
+11.01748
+11.01748
+11.01748
+11.01748
+11.01748
+11.01748
+11.01748
+11.01748
+11.01748
+11.01748
+11.01748
+11.01748
+11.01748
+11.01748
+11.01748
+11.01748
+11.01748
+11.01748
+11.01748
+11.01748
+11.01748
+11.01748
+11.01748
+11.01748
+11.01748
+11.01748
+11.01748
+11.01748
+11.01748
+11.01748
+11.01748
+11.01748
+11.01748
+11.01748
+11.01748
+11.01748
+11.01748
+11.01748
+11.01748
+11.01748
+11.01748
+11.01748
+11.01748
+11.01748
+11.01748
+11.01748
+11.01748
+11.01748
+11.01748
+11.01748
+11.01748
+11.01748
+11.01748
+11.01748
+11.01748
+11.01748
+11.01748
+11.01748
+11.01748
+11.01748
+11.01748
+11.01748
+11.01748
+11.01748
+11.01748
+11.01748
+11.01748
+11.01748
+11.01748
+11.01748
+11.01748
+11.01748
+11.01748
+11.01748
+11.01748
+11.01748
+11.01748
+11.01748
+11.01748
+11.01748
+11.01748
+11.01748
+11.01748
+11.01748
+11.01748
+11.01748
+11.01748
+11.01748
+11.01748
+11.01748
+11.01748
+11.01748
+11.01748
+11.01748
+11.01748
+11.01748
+11.01748
+11.01748
+11.01748
+11.01748
+11.01748
+11.01748
+11.01748
+11.01748
+11.01748
+11.01748
+11.01748
+11.01748
+11.01748
+11.01748
+11.01748
+11.01748
+11.01748
+11.01748
+11.01748
+11.01748
+11.01748
+11.01748
+11.01748
+11.01748
+11.01748
+11.01748
+11.01748
+11.01748
+11.01748
+11.01748
+11.01748
+11.01748
+11.01748
+11.01748
+11.01748
+11.01748
+11.01748
+11.01748
+11.01748
+11.01748
+11.01748
+11.01748
+11.01748
+11.01748
+11.01748
+11.01748
+11.01748
+11.01748
+11.01748
+11.01748
+11.01748
+11.01748
+11.01748
+11.01748
+11.01748
+11.01748
+11.01748
+11.01748
+11.01748
+11.01748
+11.01748
+11.01748
+11.01748
+11.01748
+11.01748
+11.01748
+11.01748
+11.01748
+11.01748
+11.01748
+11.01748
+11.01748
+11.01748
+11.01748
+11.01748
+11.01748
+11.01748
+11.01748
+11.01748
+11.01748
+11.01748
+11.01748
+11.01748
+11.01748
+11.01748
+11.01748
+11.01748
+11.01748
+11.01748
+11.01748
+11.01748
+11.01748
+11.01748
+11.01748
+11.01748
+11.01748
+11.01748
+11.01748
+11.01748
+11.01748
+11.01748
+11.01748
+11.01748
+11.01748
+11.01748
+11.01748
+11.01748
+11.01748
+11.01748
+11.01748
+11.01748
+11.01748
+11.01748
+11.01748
+11.01748
+11.01748
+11.01748
+11.01748
+11.01748
+11.01748
+11.01748
+11.01748
+11.01748
+11.01748
+11.01748
+11.01748
+11.01748
+11.01748
+11.01748
+11.01748
+11.01748
+11.01748
+11.01748
+11.01748
+11.01748
+11.01748
+11.01748
+11.01748
+11.01748
+11.01748
+11.01748
+11.01748
+11.01748
+11.01748
+11.01748
+11.01748
+11.01748
+11.01748
+11.01748
+11.01748
+11.01748
+11.01748
+11.01748
+11.01748
+11.01748
+11.01748
+11.01748
+11.01748
+11.01942
+11.01941
+11.01941
+11.01941
+11.01941
+11.01941
+11.01941
+11.01941
+11.01941
+11.01941
+11.01941
+11.01941
+11.01941
+11.01941
+11.01941
+11.01941
+11.01941
+11.01941
+11.01941
+11.01941
+11.01941
+11.01941
+11.01941
+11.01941
+11.01941
+11.01941
+11.01941
+11.01941
+11.01941
+11.01941
+11.01941
+11.01941
+11.01941
+11.01941
+11.01941
+11.01941
+11.01941
+11.01941
+11.01941
+11.01941
+11.01941
+11.01941
+11.01941
+11.01941
+11.01941
+11.01941
+11.01941
+11.01941
+11.01941
+11.01941
+11.01941
+11.01941
+11.01941
+11.01941
+11.01992
+11.02016
+11.02016
+11.02016
+ 11.0202
+11.02021
+11.02021
+11.01968
+11.01968
+11.01944
+11.01934
+11.01932
+11.01932
+11.01932
+11.01945
+11.01958
+ 11.0197
+11.01995
+11.01995
+11.01988
+11.01985
+11.01984
+11.01984
+11.01966
+11.01963
+11.01961
+11.01961
+11.01961
+11.01961
+11.01961
+11.01918
+11.01918
+11.01903
+11.01903
+11.01877
+11.01877
+11.01877
+11.01877
+11.01877
+11.01877
+11.01877
+11.01804
+11.01807
+11.01807
+11.01807
+11.01807
+11.01807
+11.01807
+11.01807
+11.01807
+11.01807
+11.01807
+11.01807
+11.01807
+11.01807
+11.01807
+11.01807
+11.01807
+10.92636
+10.92636
+10.92636
+10.92636
+10.92636
+10.92636
+10.92636
+10.92636
+10.92636
+10.92636
+10.92636
+10.92636
+10.92636
+10.92636
+10.92636
+10.92636
+10.92636
+10.92636
+10.92636
+10.92636
+10.92636
+10.92636
+10.92636
+10.92636
+10.92636
+10.92636
+10.92636
+10.92636
+10.92636
+10.92636
+10.92636
+10.92636
+10.92636
+10.92636
+10.92636
+10.92636
+10.92636
+10.92636
+10.92636
+10.92636
+10.92636
+10.92636
+10.92636
+10.92636
+10.92636
+10.92636
+10.92636
+10.92636
+10.92636
+10.92636
+10.92636
+10.92636
+10.92636
+10.92636
+10.92636
+10.92636
+10.92636
+10.92636
+10.92636
+10.92636
+10.92636
+10.92636
+10.92636
+10.92636
+10.92636
+10.92636
+10.92636
+10.92636
+10.92636
+10.92636
+10.92636
+10.92636
+10.92636
+10.92636
+10.92636
+10.92636
+10.92636
+10.92636
+10.92636
+10.92636
+10.92636
+10.92636
+10.92636
+10.92636
+10.92636
+10.92636
+10.92636
+10.92636
+10.92636
+10.92636
+10.92636
+10.92636
+10.92636
+10.92636
+10.92636
+10.92636
+10.92636
+10.92636
+10.92636
+10.92636
+10.92636
+10.92636
+10.92636
+10.92636
+10.92636
+10.92636
+10.92636
+10.92636
+10.92636
+10.92636
+10.92636
+10.92636
+10.92636
+10.92636
+10.92636
+10.92636
+10.92636
+10.92636
+10.92636
+10.92636
+10.92636
+10.92636
+10.92636
+10.92636
+10.92636
+10.92636
+10.92636
+10.92636
+10.92636
+10.92636
+10.92636
+10.92636
+10.92636
+10.92636
+10.92636
+10.92636
+10.92636
+10.92636
+10.92636
+10.92636
+10.92636
+10.92636
+10.92636
+10.92636
+10.92636
+10.92636
+10.92636
+10.92636
+10.92636
+10.92636
+10.92636
+10.92636
+10.92636
+10.92636
+10.92636
+10.92636
+10.92636
+10.92636
+10.92636
+10.92636
+10.92636
+10.92636
+10.92636
+10.92636
+10.92636
+10.92636
+10.92636
+10.92636
+10.92636
+10.92636
+10.92636
+10.92636
+10.92636
+10.92636
+10.92636
+10.92636
+10.92636
+10.92636
+10.92636
+10.92636
+10.92636
+10.92636
+10.92636
+10.92636
+10.92636
+10.92636
+10.92636
+10.92636
+10.92636
+10.92636
+10.92636
+10.92636
+10.92636
+10.92636
+10.92636
+10.92636
+10.92636
+10.92636
+10.92636
+10.92636
+10.92636
+10.92636
+10.92636
+10.92636
+10.92636
+10.92636
+10.92636
+10.92636
+10.92636
+10.92636
+10.92636
+10.92636
+10.92636
+10.92636
+10.92636
+10.92636
+10.92636
+10.92636
+10.92636
+10.92636
+10.92636
+10.92636
+10.92636
+10.92636
+10.92636
+10.92636
+10.92636
+10.92636
+10.92636
+10.92636
+10.92636
+10.92636
+10.92636
+10.92636
+10.92636
+10.92636
+10.92636
+10.92636
+10.92636
+10.92636
+10.92636
+10.92636
+10.92636
+10.92636
+10.92636
+10.92636
+10.92636
+10.92636
+10.92636
+10.92636
+10.92636
+10.92636
+10.92636
+10.92636
+10.92636
+10.92636
+10.92636
+10.92636
+10.92636
+10.92636
+10.92636
+10.92636
+10.92636
+10.92636
+10.92636
+10.92636
+10.92636
+10.92636
+10.92636
+10.92636
+10.92636
+10.92636
+10.92636
+10.92636
+10.92636
+10.92636
+10.92636
+10.92636
+10.92636
+10.92636
+10.92636
+10.92636
+10.92636
+10.92636
+10.92636
+10.92636
+10.92636
+10.92636
+10.92636
+10.92636
+10.92636
+10.92636
+10.92636
+10.92636
+10.92636
+10.92636
+10.92636
+10.92636
+10.92636
+10.92636
+10.92636
+10.92636
+10.92636
+10.92636
+10.92636
+10.92636
+10.92636
+10.92636
+10.92636
+10.92636
+10.92636
+10.92636
+10.92636
+10.92636
+10.92636
+10.92636
+10.92636
+10.92636
+10.92636
+10.92636
+10.92636
+10.92636
+10.92636
+10.92636
+10.92636
+10.92636
+10.92636
+10.92636
+10.92636
+10.92636
+10.92636
+10.92636
+10.92636
+10.92636
+10.92636
+10.92636
+10.92636
+10.92636
+10.92636
+10.92636
+10.92636
+10.92636
+10.92636
+10.92636
+10.92636
+10.92636
+10.92636
+10.92636
+10.92636
+10.92636
+10.92636
+10.92636
+10.92636
+10.92636
+10.92636
+10.92636
+10.92636
+10.92636
+10.92636
+10.92636
+10.92636
+10.92636
+10.92636
+10.92636
+10.92636
+10.92636
+10.92636
+10.92636
+10.92636
+10.92636
+10.92636
+10.92636
+10.92636
+10.92636
+10.92636
+10.92636
+10.92636
+10.92636
+10.92636
+10.92636
+10.92636
+10.92636
+10.92636
+10.92636
+10.92636
+10.92636
+10.92636
+10.92636
+10.92636
+10.92636
+10.92636
+10.92636
+10.92636
+10.92636
+10.92636
+10.92636
+10.92636
+10.92636
+10.92636
+10.92636
+10.92636
+10.92636
+10.92636
+10.92636
+10.92636
+10.92636
+10.92636
+10.92636
+10.92636
+10.92636
+10.92636
+10.92636
+10.92636
+10.92636
+10.92636
+10.92636
+10.92636
+10.92636
+10.92636
+10.92636
+10.92636
+10.92636
+10.92636
+10.92636
+10.92636
+10.92636
+10.92636
+10.92636
+10.92636
+10.92636
+10.92636
+10.92636
+10.92636
+10.92636
+10.92636
+10.92636
+10.92636
+10.92636
+10.92636
+10.92636
+10.92636
+10.92636
+10.92636
+10.92636
+10.92636
+10.92636
+10.92636
+10.92636
+10.92636
+10.92636
+10.92636
+10.92636
+10.92636
+10.92636
+10.92636
+10.92636
+10.92636
+10.92633
+10.92633
+10.92633
+10.92633
+10.92633
+10.92633
+10.92633
+10.92633
+10.92633
+10.92633
+10.92633
+10.92633
+10.92633
+10.92633
+10.92633
+10.92633
+10.92604
+10.92594
+10.92594
+ 10.9262
+10.92607
+10.92541
+10.92487
+10.92575
+, 10.926
+10.92633
+ 10.9271
+, 10.928
+10.92872
+10.92845
+10.92806
+ 10.9279
+ 10.9265
+5, 10.92
+10.92361
+10.92349
+10.92334
+10.92323
+10.92296
+10.92298
+, 10.922
+, 10.922
+, 10.922
+, 10.922
+10.92281
+10.92281
+10.92281
+10.92281
+10.92281
+10.92281
+10.92281
+10.92281
+10.92281
+10.92281
+10.92281
+10.92281
+10.92281
+10.92281
+10.92281
+10.92281
+10.92281
+10.92281
+10.92281
+10.92281
+10.92281
+10.92281
+10.92281
+10.92281
+10.92281
+10.92281
+10.92281
+10.92281
+10.92281
+10.92281
+10.92281
+10.92281
+10.92281
+10.92281
+10.92281
+10.92281
+10.92281
+10.92281
+10.92281
+10.92281
+10.92281
+10.92281
+10.92281
+10.92281
+10.92281
+10.92281
+10.92276
+10.92275
+10.92275
+10.92275
+10.92284
+10.92284
+10.92284
+10.92284
+10.92284
+10.92284
+10.92284
+10.92284
+10.92284
+10.92284
+10.92284
+10.92284
+10.92284
+10.92284
+10.92284
+10.92284
+10.92284
+10.92284
+10.92284
+10.92284
+10.92284
+10.92284
+10.92284
+10.92284
+10.92284
+10.92284
+10.92284
+10.92284
+10.92284
+10.92284
+10.92284
+10.92284
+10.92284
+10.92284
+10.92284
+10.92284
+10.92284
+10.92284
+10.92284
+10.92284
+10.92284
+10.92284
+10.92284
+10.92284
+10.92284
+10.92284
+10.92284
+10.92284
+10.92284
+10.92284
+10.92284
+10.92284
+10.92284
+10.92284
+10.92284
+10.92284
+10.92284
+10.92284
+10.92284
+10.92284
+10.92284
+10.92284
+10.92284
+10.92284
+10.92284
+10.92284
+10.92284
+10.92284
+10.92284
+10.92284
+10.92284
+10.92284
+10.92284
+10.92284
+10.92284
+10.92284
+10.92284
+10.92284
+10.92284
+10.92284
+10.92284
+10.92284
+10.92284
+10.92284
+10.92284
+10.92284
+10.92284
+10.92284
+10.92284
+10.92284
+10.92284
+10.92284
+10.92284
+10.92284
+10.92284
+10.92284
+10.92284
+10.92284
+10.92284
+10.92284
+10.92284
+10.92284
+10.92284
+10.92284
+10.92284
+10.92284
+10.92284
+10.92284
+10.92284
+10.92284
+10.92284
+10.92284
+10.92284
+10.92284
+10.92284
+10.92284
+10.92284
+10.92284
+10.92284
+10.92284
+10.92284
+10.92284
+10.92284
+10.92284
+10.92284
+10.92284
+10.92284
+10.92284
+10.92284
+10.92284
+10.92284
+10.92284
+10.92284
+10.92284
+10.92284
+10.92284
+10.92284
+10.92284
+10.92284
+10.92284
+10.92284
+10.92284
+10.92284
+10.92284
+10.92284
+10.92284
+10.92284
+10.92284
+10.92284
+10.92284
+10.92284
+10.92284
+10.92284
+10.92284
+10.92284
+10.92284
+10.92284
+10.92284
+10.92284
+10.92284
+10.92284
+10.92284
+10.92284
+10.92284
+10.92284
+10.92284
+10.92284
+10.92284
+10.92284
+10.92284
+10.92284
+10.92284
+10.92284
+10.92284
+10.92284
+10.92284
+10.92284
+10.92284
+10.92284
+10.92284
+10.92284
+10.92284
+10.92284
+10.92284
+10.92284
+10.92284
+10.92284
+10.92284
+10.92284
+10.92284
+10.92284
+10.92284
+10.92284
+10.92284
+10.92284
+10.92284
+10.92284
+10.92284
+10.92284
+10.92284
+10.92284
+10.92284
+10.92284
+10.92284
+10.92284
+10.92284
+10.92284
+10.92284
+10.92284
+10.92284
+10.92284
+10.92284
+10.92284
+10.92284
+10.92284
+10.92284
+10.92284
+10.92284
+10.92284
+10.92284
+10.92284
+10.92284
+10.92284
+10.92284
+10.92284
+10.92284
+10.92284
+10.92284
+10.92284
+10.92284
+10.92284
+10.92284
+10.92284
+10.92284
+10.92284
+10.92284
+10.92284
+10.92284
+10.92284
+10.92284
+10.92284
+10.92284
+10.92284
+10.92284
+10.92284
+10.92284
+10.92284
+10.92284
+10.92284
+10.92284
+10.92284
+10.92284
+10.92284
+10.92284
+10.92284
+10.92284
+10.92284
+10.92284
+10.92284
+10.92284
+10.92284
+10.92284
+10.92284
+10.92284
+10.92284
+10.92284
+10.92284
+10.92284
+10.92284
+10.92284
+10.92284
+10.92284
+10.92284
+10.92284
+10.92284
+10.92284
+10.92284
+10.92284
+10.92284
+10.92284
+10.92284
+10.92284
+10.92284
+10.92284
+10.92284
+10.92284
+10.92284
+10.92284
+10.92284
+10.92284
+10.92284
+10.92284
+10.92284
+10.92284
+10.92284
+10.92284
+10.92284
+10.92284
+10.92284
+10.92284
+10.92284
+10.92284
+10.92284
+10.92284
+10.92284
+10.92284
+10.92284
+10.92284
+10.92284
+10.92284
+10.92284
+10.92284
+10.92284
+10.92284
+10.92284
+10.92284
+10.92284
+10.92284
+10.92284
+10.92284
+10.92284
+10.92284
+10.92284
+10.92284
+10.92284
+10.92284
+10.92284
+10.92284
+10.92284
+10.92284
+10.92284
+10.92284
+10.92284
+10.92284
+10.92636
+10.92637
+10.92637
+10.92642
+10.92591
+ 10.9248
+10.92248
+10.92271
+10.92288
+10.92293
+10.92293
+10.92293
+10.92293
+10.92293
+10.92293
+10.92293
+10.92293
+10.92293
+10.92293
+10.92293
+10.92293
+10.92293
+10.92293
+10.92293
+10.92293
+10.92293
+10.92293
+10.92293
+10.92293
+10.92293
+10.92293
+10.92293
+10.92293