-74.85099
-74.79784
-74.79784
-74.79784
-74.79784
-74.79784
-74.79784
-74.79784
-74.79784
-74.79784
-74.79784
-74.79784
-74.79784
-74.79784
-74.79784
-74.79784
-74.79784
-74.79784
-74.79784
-74.79784
-74.79784
-74.79784
-74.79784
-74.79784
-74.79784
-74.79784
-74.79784
-74.85099
-74.85099
-74.79784
-74.79784
-74.85099
-74.85199
-74.79784
-74.85099
-74.85099
-74.79784
-74.85099
-74.85089
-74.79784
-74.79784
-74.79784
-74.85089
-74.79784
-74.79784
-74.79784
-74.79784
-74.79784
-74.79784
-74.79784
-74.79784
-74.79784
-74.79784
-74.79784
-74.79784
-74.79784
-74.79784
-74.79784
-74.79784
-74.79784
-74.79784
-74.79784
-74.79784
-74.79784
-74.79784
-74.79784
-74.79784
-74.79784
-74.79784
-74.79784
-74.79784
-74.79784
-74.79784
-74.79784
-74.79784
-74.79784
-74.79784
-74.79784
-74.79784
-74.79784
-74.79784
-74.79784
-74.79784
-74.79784
-74.79784
-74.79784
-74.79784
-74.79784
-74.79784
-74.79784
-74.79784
-74.79784
-74.79784
-74.79784
-74.79784
-74.79784
-74.79784
-74.79784
-74.79784
-74.79784
-74.79784
-74.79784
-74.79784
-74.79784
-74.79784
-74.79784
-74.79784
-74.79784
-74.79784
-74.79784
-74.79784
-74.79784
-74.79784
-74.79784
-74.79784
-74.79784
-74.79784
-74.79784
-74.79784
-74.79784
-74.79784
-74.79784
-74.79784
-74.79784
-74.79784
-74.79784
-74.79784
-74.79784
-74.79784
-74.79784
-74.79784
-74.79784
-74.79784
-74.79784
-74.79784
-74.79784
-74.79784
-74.79784
-74.79784
-74.79784
-74.79784
-74.79784
-74.79784
-74.79784
-74.79784
-74.79784
-74.79784
-74.79784
-74.79784
-74.79784
-74.79784
-74.79784
-74.79784
-74.79784
-74.79784
-74.79784
-74.79784
-74.79784
-74.79784
-74.79784
-74.79784
-74.79784
-74.79784
-74.79784
-74.79784
-74.79784
-74.79784
-74.79784
-74.79784
-74.79784
-74.79784
-74.79784
-74.79784
-74.79784
-74.79784
-74.79784
-74.79784
-74.79784
-74.79784
-74.79784
-74.79784
-74.79784
-74.79784
-74.79784
-74.79784
-74.79784
-74.79784
-74.79784
-74.79784
-74.79784
-74.79784
-74.79784
-74.79784
-74.79784
-74.79784
-74.79784
-74.79784
-74.79784
-74.79784
-74.79784
-74.79784
-74.79784
-74.79784
-74.79784
-74.79784
-74.79784
-74.79784
-74.79784
-74.79784
-74.79784
-74.79784
-74.79784
-74.79784
-74.79784
-74.79784
-74.79784
-74.79784
-74.79784
-74.79784
-74.79784
-74.79784
-74.79784
-74.79784
-74.79784
-74.79784
-74.79784
-74.79784
-74.79784
-74.79784
-74.79784
-74.79784
-74.79784
-74.79784
-74.79784
-74.79784
-74.79784
-74.79784
-74.79784
-74.79784
-74.79784
-74.79784
-74.79784
-74.79784
-74.79784
-74.79784
-74.79784
-74.79784
-74.79784
-74.79784
-74.79784
-74.79784
-74.79784
-74.79784
-74.79784
-74.79784
-74.79784
-74.79784
-74.79784
-74.79784
-74.79784
-74.79784
-74.79784
-74.79784
-74.79784
-74.79784
-74.79784
-74.79784
-74.79784
-74.79784
-74.79784
-74.79784
-74.79784
-74.79784
-74.79784
-74.79784
-74.79784
-74.79784
-74.79784
-74.79784
-74.79784
-74.79784
-74.79784
-74.79784
-74.79784
-74.79784
-74.79784
-74.79784
-74.79784
-74.79784
-74.79784
-74.79784
-74.79784
-74.79784
-74.79784
-74.79784
-74.79784
-74.79784
-74.79784
-74.79784
-74.79784
-74.79784
-74.79784
-74.79784
-74.79784
-74.79784
-74.79784
-74.79784
-74.79784
-74.79784
-74.79784
-74.79784
-74.79784
-74.79784
-74.79784
-74.79784
-74.79784
-74.79784
-74.79784
-74.79784
-74.79784
-74.79784
-74.79784
-74.79784
-74.79784
-74.79784
-74.79784
-74.79784
-74.79784
-74.79784
-74.79784
-74.79784
-74.79784
-74.79784
-74.79784
-74.79784
-74.79784
-74.79784
-74.79784
-74.79784
-74.79784
-74.79784
-74.79784
-74.79784
-74.79784
-74.79784
-74.79784
-74.79784
-74.79784
-74.79784
-74.79784
-74.79784
-74.79784
-74.79784
-74.79784
-74.79784
-74.79784
-74.79784
-74.79784
-74.79784
-74.79784
-74.79784
-74.79784
-74.79784
-74.79784
-74.79784
-74.79784
-74.79784
-74.79784
-74.79784
-74.79784
-74.79784
-74.79784
-74.79784
-74.79784
-74.79784
-74.79784
-74.79784
-74.79784
-74.79784
-74.79784
-74.79784
-74.79784
-74.79784
-74.79784
-74.79784
-74.79784
-74.79784
-74.79784
-74.79784
-74.79784
-74.79784
-74.79784
-74.79784
-74.79784
-74.79784
-74.79784
-74.79784
-74.79784
-74.79784
-74.79784
-74.79784
-74.85122
-74.85122
-74.85089
-74.85071
-74.85028
-74.85018
-74.84999
-74.84999
-74.85026
-74.85051
-74.85083
-74.85114
-74.85141
-74.85146
-74.85178
-74.85182
-74.85182
-74.85182
-74.85182
-74.85182
-74.85182
-74.85182
-74.85182
-74.85182
-74.85182
-74.85182
-74.85182
-74.85182
-74.85182
-74.85182
-74.85182
-74.85182
-74.85182
-74.85182
-74.85182
-74.85182
-74.85182
-74.85182
-74.85182
-74.85182
-74.85182
-74.85182
-74.85182
-74.85182
-74.85182
-74.85182
-74.85182
-74.85182
-74.85182
-74.85182
-74.85182
-74.85182
-74.85182
-74.85182
-74.85182
-74.85182
-74.85182
-74.85182
-74.85182
-74.85182
-74.85182
-74.85182
-74.85182
-74.85182
-74.85182
-74.85182
-74.85182
-74.85182
-74.85182
-74.85129
-74.85089
-74.85089
-74.85089
-74.85089
-74.85089
-74.85089
-74.86089
-74.85099
-74.85099
-74.85099
-74.77468
-74.77468
-74.21102
-74.21102
-74.07209
-74.81437
-74.81437
-74.81437
-74.81437
-74.81437
-74.81437
-74.81437
-74.81437
-74.81437
-74.81437
-74.81437
-74.81437
-74.81437
-74.81437
-74.81437
-74.81437
-74.81437
-74.81437
-74.81437
-74.81437
-74.81437
-74.81437
-74.81437
-74.81437
-74.81437
-74.81437
-74.81437
-74.81437
-74.81437
-74.81437
-74.81437
-74.81437
-74.81437
-74.81437
-74.81437
-74.81437
-74.81437
-74.81437
-74.81437
-74.81437
-74.81437
-74.81437
-74.81437
-74.81437
-74.81437
-74.81437
-74.81437
-74.81437
-74.81437
-74.81437
-74.81437
-74.81437
-74.81437
-74.81437
-74.81437
-74.81437
-74.81437
-74.81428
-74.81428
-74.81421
-74.81433
-74.81438
-74.81455
-74.81467
-74.81474
 -74.8148
-74.81494
-74.81506
-74.81505
-74.81505
-74.81502
-74.81499
-74.81495
-74.81492
 -74.8149
 -74.8149
-74.81514
-74.81708
-74.82005
-74.82328
-74.82645
-74.82941
-74.83265
-74.83417
-74.83426
-74.83434
 -74.8339
-74.83369
-74.83355
-74.83366
-74.83333
-74.83379
-74.83446
-74.83535
-74.83581
-74.83603
-74.83644
, -74.837
-74.83743
-74.83818
 -74.8381
-74.83803
-74.83818
-74.83823
-74.83832
-74.83832
-74.83828
-74.83816
-74.83813
-74.83787
-74.83729
-74.83678
-74.83657
-74.83632
-74.83623
-74.83619
-74.83619
-74.83619
-74.83619
-74.83636
-74.83617
-74.83613
-74.83618
-74.83731
-74.83829
-74.83958
-74.84058
-74.84058
-74.84058
-74.84058
-74.84174
 -74.8412
-74.84085
-74.84039
-74.83919
-74.83811
-74.83759
-74.83524
-74.83529
-74.83571
-74.83571
-74.83571
-74.83571
-74.83571
-74.83642
-74.83917
-74.84256
 -74.8452
-74.84608
 -74.8479
-74.85022
-74.85048
-74.85051
-74.85046
-74.85046
-74.85046
-74.85046
-74.85046
-74.85046
-74.85046
-74.85046
-74.85046
-74.85046
-74.85046
-74.85046
-74.85046
-74.85046
-74.85046
-74.85046
-74.85046
-74.85046
-74.85046
-74.85046
-74.85046
-74.85046
-74.85046
-74.85046
-74.85046
-74.85046
-74.85046
-74.85046
-74.85046
-74.85046
-74.85046
-74.85046
-74.85046
-74.85046
-74.85046
-74.85046
-74.85046
-74.85046
-74.85046
-74.85046
-74.85046
-74.85046
-74.85046
-74.85046
-74.85046
-74.85046
-74.85046
-74.85046
-74.85046
-74.85046
-74.85046
-74.85046
-74.85046
-74.85046
-74.85046
-74.85046
-74.85046
-74.85046
-74.85046
-74.85046
-74.85046
-74.85046
-74.85046
-74.85046
-74.85046
-74.85046
-74.85046
-74.85046
-74.85046
-74.85046
-74.85046
-74.85046
-74.85046
-74.85046
-74.85046
-74.85046
-74.85046
-74.85046
-74.85046
-74.85046
-74.85046
-74.85046
-74.85046
-74.85046
-74.85046
-74.85046
-74.85046
-74.85046
-74.85046
-74.85046
-74.85046
-74.85046
-74.85046
-74.85046
-74.85046
-74.85046
-74.85046
-74.85046
-74.85046
-74.85046
-74.85046
-74.85046
-74.85046
-74.85046
-74.85046
-74.85046
-74.85046
-74.85046
-74.85046
-74.85046
-74.85046
-74.85046
-74.85046
-74.85046
-74.85046
-74.85046
-74.85046
-74.85046
-74.85046
-74.85046
-74.85046
-74.85046
-74.85046
-74.85046
-74.85046
-74.85046
-74.85046
-74.85046
-74.85046
-74.85046
-74.85046
-74.85046
-74.85046
-74.85046
-74.85046
-74.85046
-74.85046
-74.85046
-74.85046
-74.85046
-74.85046
-74.85046
-74.85046
-74.85046
-74.85046
-74.85046
-74.85046
-74.85046
-74.85046
-74.85046
-74.85046
-74.85046
-74.85046
-74.85046
-74.85046
-74.85046
-74.85046
-74.85046
-74.85046
-74.85046
-74.85046
-74.85046
-74.85046
-74.85046
-74.85046
-74.85046
-74.85046
-74.85046
-74.85046
-74.85046
-74.85046
-74.85046
-74.85046
-74.85046
-74.85046
-74.85046
-74.85046
-74.85046
-74.85046
-74.85046
-74.85046
-74.85046
-74.85046
-74.85046
-74.85046
-74.85046
-74.85046
-74.85046
-74.85046
-74.85046
-74.85046
-74.85046
-74.85046
-74.85046
-74.85046
-74.85046
-74.85046
-74.85046
-74.85046
-74.85046
-74.85046
-74.85046
-74.85046
-74.85046
-74.85046
-74.85046
-74.85046
-74.85046
-74.85046
-74.85046
-74.85046
-74.85046
-74.85046
-74.85046
-74.85046
-74.85046
-74.85046
-74.85046
-74.85046
-74.85046
-74.85046
-74.85046
-74.85046
-74.85046
-74.85046
-74.85046
-74.85046
-74.85046
-74.85046
-74.85046
-74.85046
-74.85046
-74.85046
-74.85046
-74.85046
-74.85046
-74.85046
-74.85046
-74.85046
-74.85046
-74.85046
-74.85046
-74.85046
-74.85046
-74.85046
-74.85046
-74.85046
-74.85046
-74.85046
-74.85046
-74.85046
-74.85046
-74.85046
-74.85046
-74.85046
-74.85046
-74.85046
-74.85046
-74.85046
-74.85046
-74.85046
-74.85046
-74.85046
-74.85046
-74.85046
-74.85046
-74.85046
-74.85046
-74.85046
-74.85127
-74.85136
-74.85136
-74.85136
-74.85136
-74.85136
-74.85136
-74.85136
-74.85136
-74.85136
-74.85136
-74.85136
-74.85136
-74.85136
-74.85136
-74.85136
-74.85136
-74.85136
-74.85136
-74.85136
-74.85136
-74.85136
-74.85136
-74.85136
-74.85136
-74.85136
-74.85136
-74.85136
-74.85136
-74.85136
-74.85136
-74.85136
-74.85136
-74.85136
-74.85136
-74.85136
-74.85136
-74.85136
-74.85136
-74.85136
-74.85136
-74.85136
-74.85136
-74.85136
-74.85136
-74.85136
-74.85136
-74.85136
-74.85136
-74.85136
-74.85136
-74.85136
-74.85136
-74.85136
-74.85131
-74.85139
-74.85139
-74.85139
 -74.8512
-74.85118
-74.85118
-74.85116
-74.85116
-74.85122
-74.85108
-74.85102
-74.85102
-74.85102
-74.85048
-74.85042
 -74.8504
-74.85053
-74.85053
-74.85033
-74.85014
-74.85006
-74.85006
-74.84972
-74.84952
-74.84973
-74.84973
-74.84973
-74.84973
-74.84973
-74.85054
-74.85054
-74.85013
-74.85013
-74.84994
-74.84994
-74.84994
-74.84994
-74.84994
-74.84994
-74.84994
-74.85047
-74.85048
-74.85048
-74.85048
-74.85048
-74.85048
-74.85048
-74.85048
-74.85048
-74.85048
-74.85048
-74.85048
-74.85048
-74.85048
-74.85048
-74.85048
-74.85048
-74.81435
-74.81435
-74.81435
-74.81435
-74.81435
-74.81435
-74.81435
-74.81435
-74.81435
-74.81435
-74.81435
-74.81435
-74.81435
-74.81435
-74.81435
-74.81435
-74.81435
-74.81435
-74.81435
-74.81435
-74.81435
-74.81435
-74.81435
-74.81435
-74.81435
-74.81435
-74.81435
-74.81435
-74.81435
-74.81435
-74.81435
-74.81435
-74.81435
-74.81435
-74.81435
-74.81435
-74.81435
-74.81435
-74.81435
-74.81435
-74.81435
-74.81435
-74.81435
-74.81435
-74.81435
-74.81435
-74.81435
-74.81435
-74.81435
-74.81435
-74.81435
-74.81435
-74.81435
-74.81435
-74.81435
-74.81435
-74.81435
-74.81435
-74.81435
-74.81435
-74.81435
-74.81435
-74.81435
-74.81435
-74.81435
-74.81435
-74.81435
-74.81435
-74.81435
-74.81435
-74.81435
-74.81435
-74.81435
-74.81435
-74.81435
-74.81435
-74.81435
-74.81435
-74.81435
-74.81435
-74.81435
-74.81435
-74.81435
-74.81435
-74.81435
-74.81435
-74.81435
-74.81435
-74.81435
-74.81435
-74.81435
-74.81435
-74.81435
-74.81435
-74.81435
-74.81435
-74.81435
-74.81435
-74.81435
-74.81435
-74.81435
-74.81435
-74.81435
-74.81435
-74.81435
-74.81435
-74.81435
-74.81435
-74.81435
-74.81435
-74.81435
-74.81435
-74.81435
-74.81435
-74.81435
-74.81435
-74.81435
-74.81435
-74.81435
-74.81435
-74.81435
-74.81435
-74.81435
-74.81435
-74.81435
-74.81435
-74.81435
-74.81435
-74.81435
-74.81435
-74.81435
-74.81435
-74.81435
-74.81435
-74.81435
-74.81435
-74.81435
-74.81435
-74.81435
-74.81435
-74.81435
-74.81435
-74.81435
-74.81435
-74.81435
-74.81435
-74.81435
-74.81435
-74.81435
-74.81435
-74.81435
-74.81435
-74.81435
-74.81435
-74.81435
-74.81435
-74.81435
-74.81435
-74.81435
-74.81435
-74.81435
-74.81435
-74.81435
-74.81435
-74.81435
-74.81435
-74.81435
-74.81435
-74.81435
-74.81435
-74.81435
-74.81435
-74.81435
-74.81435
-74.81435
-74.81435
-74.81435
-74.81435
-74.81435
-74.81435
-74.81435
-74.81435
-74.81435
-74.81435
-74.81435
-74.81435
-74.81435
-74.81435
-74.81435
-74.81435
-74.81435
-74.81435
-74.81435
-74.81435
-74.81435
-74.81435
-74.81435
-74.81435
-74.81435
-74.81435
-74.81435
-74.81435
-74.81435
-74.81435
-74.81435
-74.81435
-74.81435
-74.81435
-74.81435
-74.81435
-74.81435
-74.81435
-74.81435
-74.81435
-74.81435
-74.81435
-74.81435
-74.81435
-74.81435
-74.81435
-74.81435
-74.81435
-74.81435
-74.81435
-74.81435
-74.81435
-74.81435
-74.81435
-74.81435
-74.81435
-74.81435
-74.81435
-74.81435
-74.81435
-74.81435
-74.81435
-74.81435
-74.81435
-74.81435
-74.81435
-74.81435
-74.81435
-74.81435
-74.81435
-74.81435
-74.81435
-74.81435
-74.81435
-74.81435
-74.81435
-74.81435
-74.81435
-74.81435
-74.81435
-74.81435
-74.81435
-74.81435
-74.81435
-74.81435
-74.81435
-74.81435
-74.81435
-74.81435
-74.81435
-74.81435
-74.81435
-74.81435
-74.81435
-74.81435
-74.81435
-74.81435
-74.81435
-74.81435
-74.81435
-74.81435
-74.81435
-74.81435
-74.81435
-74.81435
-74.81435
-74.81435
-74.81435
-74.81435
-74.81435
-74.81435
-74.81435
-74.81435
-74.81435
-74.81435
-74.81435
-74.81435
-74.81435
-74.81435
-74.81435
-74.81435
-74.81435
-74.81435
-74.81435
-74.81435
-74.81435
-74.81435
-74.81435
-74.81435
-74.81435
-74.81435
-74.81435
-74.81435
-74.81435
-74.81435
-74.81435
-74.81435
-74.81435
-74.81435
-74.81435
-74.81435
-74.81435
-74.81435
-74.81435
-74.81435
-74.81435
-74.81435
-74.81435
-74.81435
-74.81435
-74.81435
-74.81435
-74.81435
-74.81435
-74.81435
-74.81435
-74.81435
-74.81435
-74.81435
-74.81435
-74.81435
-74.81435
-74.81435
-74.81435
-74.81435
-74.81435
-74.81435
-74.81435
-74.81435
-74.81435
-74.81435
-74.81435
-74.81435
-74.81435
-74.81435
-74.81435
-74.81435
-74.81435
-74.81435
-74.81435
-74.81435
-74.81435
-74.81435
-74.81435
-74.81435
-74.81435
-74.81435
-74.81435
-74.81435
-74.81435
-74.81435
-74.81435
-74.81435
-74.81435
-74.81435
-74.81435
-74.81435
-74.81435
-74.81435
-74.81435
-74.81435
-74.81435
-74.81435
-74.81435
-74.81435
-74.81435
-74.81435
-74.81435
-74.81435
-74.81435
-74.81435
-74.81435
-74.81435
-74.81435
-74.81435
-74.81435
-74.81435
-74.81435
-74.81435
-74.81435
-74.81435
-74.81435
-74.81435
-74.81435
-74.81435
-74.81435
-74.81435
-74.81435
-74.81435
-74.81435
-74.81435
-74.81435
-74.81435
-74.81435
-74.81435
-74.81435
-74.81435
-74.81435
-74.81435
-74.81435
-74.81435
-74.81435
-74.81435
-74.81435
-74.81435
-74.81435
-74.81435
-74.81435
-74.81435
-74.81435
-74.81435
-74.81435
-74.81435
-74.81435
-74.81435
-74.81435
-74.81435
-74.81435
-74.81435
-74.81435
-74.81435
-74.81435
-74.81435
-74.81435
-74.81435
-74.81435
-74.81435
-74.81435
-74.81435
-74.81435
-74.81435
-74.81435
-74.81435
-74.81435
-74.81435
-74.81435
-74.81435
-74.81435
-74.81435
-74.81435
-74.81435
-74.81435
-74.81435
-74.81417
-74.81417
-74.81417
-74.81417
-74.81417
-74.81417
-74.81417
-74.81417
-74.81417
-74.81417
-74.81417
-74.81417
-74.81417
-74.81417
-74.81417
-74.81433
-74.81437
-74.81439
-74.81439
 -74.8143
-74.81324
-74.81251
-74.81162
-74.81143
 -74.8108
-74.80939
-74.80825
-74.80697
-74.80597
-74.80538
-74.80418
 -74.8027
-74.80267
 -74.8027
-74.80267
-74.80252
-74.80225
-74.80225
-74.80249
-74.80277
, -74.803
, -74.803
, -74.803
, -74.803
-74.80334
-74.80334
-74.80334
-74.80334
-74.80334
-74.80334
-74.80334
-74.80334
-74.80334
-74.80334
-74.80334
-74.80334
-74.80334
-74.80334
-74.80334
-74.80334
-74.80334
-74.80334
-74.80334
-74.80334
-74.80334
-74.80334
-74.80334
-74.80334
-74.80334
-74.80334
-74.80334
-74.80334
-74.80334
-74.80334
-74.80334
-74.80334
-74.80334
-74.80334
-74.80334
-74.80334
-74.80334
-74.80334
-74.80334
-74.80334
-74.80334
-74.80334
-74.80334
-74.80334
-74.80334
-74.80334
-74.80427
-74.80417
-74.80417
-74.80417
-74.80324
-74.80324
-74.80324
-74.80324
-74.80324
-74.80324
-74.80324
-74.80324
-74.80324
-74.80324
-74.80324
-74.80324
-74.80324
-74.80324
-74.80324
-74.80324
-74.80324
-74.80324
-74.80324
-74.80324
-74.80324
-74.80324
-74.80324
-74.80324
-74.80324
-74.80324
-74.80324
-74.80324
-74.80324
-74.80324
-74.80324
-74.80324
-74.80324
-74.80324
-74.80324
-74.80324
-74.80324
-74.80324
-74.80324
-74.80324
-74.80324
-74.80324
-74.80324
-74.80324
-74.80324
-74.80324
-74.80324
-74.80324
-74.80324
-74.80324
-74.80324
-74.80324
-74.80324
-74.80324
-74.80324
-74.80324
-74.80324
-74.80324
-74.80324
-74.80324
-74.80324
-74.80324
-74.80324
-74.80324
-74.80324
-74.80324
-74.80324
-74.80324
-74.80324
-74.80324
-74.80324
-74.80324
-74.80324
-74.80324
-74.80324
-74.80324
-74.80324
-74.80324
-74.80324
-74.80324
-74.80324
-74.80324
-74.80324
-74.80324
-74.80324
-74.80324
-74.80324
-74.80324
-74.80324
-74.80324
-74.80324
-74.80324
-74.80324
-74.80324
-74.80324
-74.80324
-74.80324
-74.80324
-74.80324
-74.80324
-74.80324
-74.80324
-74.80324
-74.80324
-74.80324
-74.80324
-74.80324
-74.80324
-74.80324
-74.80324
-74.80324
-74.80324
-74.80324
-74.80324
-74.80324
-74.80324
-74.80324
-74.80324
-74.80324
-74.80324
-74.80324
-74.80324
-74.80324
-74.80324
-74.80324
-74.80324
-74.80324
-74.80324
-74.80324
-74.80324
-74.80324
-74.80324
-74.80324
-74.80324
-74.80324
-74.80324
-74.80324
-74.80324
-74.80324
-74.80324
-74.80324
-74.80324
-74.80324
-74.80324
-74.80324
-74.80324
-74.80324
-74.80324
-74.80324
-74.80324
-74.80324
-74.80324
-74.80324
-74.80324
-74.80324
-74.80324
-74.80324
-74.80324
-74.80324
-74.80324
-74.80324
-74.80324
-74.80324
-74.80324
-74.80324
-74.80324
-74.80324
-74.80324
-74.80324
-74.80324
-74.80324
-74.80324
-74.80324
-74.80324
-74.80324
-74.80324
-74.80324
-74.80324
-74.80324
-74.80324
-74.80324
-74.80324
-74.80324
-74.80324
-74.80324
-74.80324
-74.80324
-74.80324
-74.80324
-74.80324
-74.80324
-74.80324
-74.80324
-74.80324
-74.80324
-74.80324
-74.80324
-74.80324
-74.80324
-74.80324
-74.80324
-74.80324
-74.80324
-74.80324
-74.80324
-74.80324
-74.80324
-74.80324
-74.80324
-74.80324
-74.80324
-74.80324
-74.80324
-74.80324
-74.80324
-74.80324
-74.80324
-74.80324
-74.80324
-74.80324
-74.80324
-74.80324
-74.80324
-74.80324
-74.80324
-74.80324
-74.80324
-74.80324
-74.80324
-74.80324
-74.80324
-74.80324
-74.80324
-74.80324
-74.80324
-74.80324
-74.80324
-74.80324
-74.80324
-74.80324
-74.80324
-74.80324
-74.80324
-74.80324
-74.80324
-74.80324
-74.80324
-74.80324
-74.80324
-74.80324
-74.80324
-74.80324
-74.80324
-74.80324
-74.80324
-74.80324
-74.80324
-74.80324
-74.80324
-74.80324
-74.80324
-74.80324
-74.80324
-74.80324
-74.80324
-74.80324
-74.80324
-74.80324
-74.80324
-74.80324
-74.80324
-74.80324
-74.80324
-74.80324
-74.80324
-74.80324
-74.80324
-74.80324
-74.80324
-74.80324
-74.80324
-74.80324
-74.80324
-74.80324
-74.80324
-74.80324
-74.80324
-74.80324
-74.80324
-74.80324
-74.80324
-74.80324
-74.80324
-74.80324
-74.80324
-74.80324
-74.80324
-74.80324
-74.80324
-74.80324
-74.80324
-74.80324
-74.80324
-74.80324
-74.80324
-74.80324
-74.80324
-74.80324
-74.80324
-74.80324
-74.80324
-74.80324
-74.80324
-74.80324
-74.80324
-74.80324
-74.80324
-74.80324
-74.80324
-74.80324
-74.80324
-74.80324
-74.80324
-74.80324
-74.80324
-74.80324
-74.80324
-74.80324
-74.80324
-74.80324
-74.80324
-74.80324
-74.80324
-74.80324
-74.81423
-74.81422
-74.81426
-74.81423
-74.81442
-74.81494
-74.81161
-74.80782
-74.80473
-74.80315
-74.80315
-74.80315
-74.80315
-74.80315
-74.80315
-74.80315
-74.80315
-74.80315
-74.80315
-74.80315
-74.80315
-74.80315
-74.80315
-74.80315
-74.80315
-74.80315
-74.80315
-74.80315
-74.80315
-74.80315
-74.80315
-74.80315
-74.80315